,手机依赖-总分,压力维度-总分,焦虑维度-总分,抑郁维度-总分,戒断症状-总分,渴求性-总分,身心影响-总分
手机依赖-总分,1.0,0.5120995489062939,0.45849399333641166,0.48999904553182677,0.9509250241977035,0.88786538838606,0.8374852675634386
压力维度-总分,0.5120995489062939,1.0,0.6660347384645412,0.6749090800405371,0.4237991006234271,0.4408351654797473,0.5434894366403843
焦虑维度-总分,0.45849399333641166,0.6660347384645412,1.0,0.7441784161634608,0.3637298329402129,0.4994733743362716,0.43061625327406494
抑郁维度-总分,0.48999904553182677,0.6749090800405371,0.7441784161634608,1.0,0.419281502770809,0.43125180015094267,0.49003152099776975
戒断症状-总分,0.9509250241977035,0.4237991006234271,0.3637298329402129,0.419281502770809,1.0,0.8096280936866754,0.6661069916657534
渴求性-总分,0.88786538838606,0.4408351654797473,0.4994733743362716,0.43125180015094267,0.8096280936866754,1.0,0.6352938224698944
身心影响-总分,0.8374852675634386,0.5434894366403843,0.43061625327406494,0.49003152099776975,0.6661069916657534,0.6352938224698944,1.0
