,戒断症状,渴求性,身心影响,压力,焦虑,抑郁
戒断症状,1.0,0.7964496456703382,0.6259173300031773,0.4142114489204358,0.35525560986304694,0.42507175506564276
渴求性,0.7964496456703382,1.0,0.6352938224698944,0.4408351654797473,0.4994733743362716,0.4312518001509428
身心影响,0.6259173300031773,0.6352938224698944,1.0,0.5434894366403844,0.430616253274065,0.4900315209977699
压力,0.4142114489204358,0.4408351654797473,0.5434894366403844,1.0,0.6660347384645412,0.6749090800405371
焦虑,0.35525560986304694,0.4994733743362716,0.430616253274065,0.6660347384645412,1.0,0.7441784161634608
抑郁,0.42507175506564276,0.4312518001509428,0.4900315209977699,0.6749090800405371,0.7441784161634608,1.0
